16004
110
51
89
220
230
127
173
208
197
30
66
36
184
14
11
65
97
71
139
23
106
154
125
54
192
195
112
155
181
114
207
81
225
182
153
249
158
206
101
132
243
58
176
100
83
130
57
232
25
124
164
163
216
104
245
221
149
211
8
60
214
34
193
172
62
167
151
171
148
135
79
6
199
70
161
87
108
18
44
233
141
213
198
205
52
247
235
238
103
166
231
75
45
9
91
1
129
241
157
115
3
145
98
136
64
74
152
226
117
105
131
227
236
248
185
246
121
159
160
240
168
26
56
113
5
86
196
217
33
63
170
76
13
90
122
138
228
180
234
21
39
42
140
92
15
95
46
224
73
29
156
162
93
27
80
12
102
94
120
16
188
218
96
128
24
19
177
111
123
17
204
107
215
20
191
28
219
229
146
144
237
201
78
99
134
179
178
147
189
244
32
59
84
49
61
165
82
2
55
119
35
68
67
126
69
47
200
31
133
41
43
53
85
77
116
4
37
40
203
10
109
223
209
38
72
150
88
118
174
137
202
48
242
169
142
212
190
210
183
194
222
186
143
187
239
22
50
175
7
0
